id,gender,q2,q3,q4,q5,q6,q7,q8,q9,q10
1,other,0,0,0,0,0,0,0,0,0
2,female,-2,-2,-2,-2,-2,-2,-2,-2,-2
3,female,-1,-1,-1,-1,-1,-1,-1,-1,-1
4,female,-2,-2,-2,-2,-2,-1,-1,-1,-1
5,female,-1,-1,-1,-1,-1,-2,-2,-2,-2
6,female,-2,-1,-2,-1,-2,-1,-2,-1,-2
7,female,-2,-2,-2,-1,-2,-1,-2,-1,-2
8,female,-2,-2,-2,-2,-2,-1,-1,-1,-1
9,female,-2,-2,-2,-2,-2,-1,-1,-1,-1
10,female,-1,-1,-1,-1,-1,-1,-1,-1,-1
11,female,-2,-2,-2,-2,-2,-1,-1,-1,-1
12,female,-2,-2,-2,-2,-2,-2,-2,-2,-2
13,female,-2,-2,-2,-2,-2,-2,-2,-2,-2
14,female,-2,-2,-2,-1,-2,-1,-2,-1,-2
15,female,-2,-2,-2,-1,-2,-1,-2,-1,-2
16,female,-2,-2,-2,-2,-2,-1,-1,-1,-1
17,male,2,2,2,2,2,-2,-2,-2,-2
18,male,1,1,1,1,1,-1,-1,-1,-1
19,male,1,1,1,2,2,-1,-1,-1,-2
20,male,1,2,1,2,1,-1,-2,-1,-2
21,male,2,2,2,2,2,-2,-1,-1,-2
22,male,2,1,2,2,2,-2,-1,-1,-2
23,male,2,1,2,2,2,-2,-1,-1,-2
24,male,2,2,2,2,2,-2,-2,-2,-2
25,male,2,2,2,2,2,0,0,0,0
26,male,2,2,2,2,2,-2,-2,-2,-2