id,gender,q2,q3,q4,q5,q6,q7,q8,q9,q10
1,other,0,0,0,0,0,0,0,0,0
2,other,0,0,0,0,0,0,0,2,2
3,female,-2,-2,-2,-2,-2,2,2,2,2
4,female,-1,-1,-1,-1,-1,1,1,1,1
5,female,-2,-2,-2,-2,-2,2,2,2,2
6,female,-2,-2,-2,-2,-2,2,2,2,2
7,female,-2,-1,-2,-1,-2,1,2,1,2
8,female,-2,-2,-2,-1,-2,1,2,1,2
9,female,-2,-2,-2,-2,-2,1,1,1,1
10,female,-2,-2,-2,-2,-2,1,1,1,1
11,female,-1,-1,-1,-1,-1,1,1,1,1
12,female,-2,-2,-2,-2,-2,1,1,1,1
13,female,-2,-2,-2,-2,-2,2,2,2,2
14,female,-2,-2,-2,-2,-2,2,2,2,2
15,female,-2,-2,-2,-1,-2,1,2,1,2
16,female,-2,-2,-2,-1,-2,1,2,1,2
17,female,-2,-2,-2,-2,-2,1,1,1,1
18,female,-1,-1,-1,-1,-1,1,1,1,1
19,female,-2,-1,-1,-2,-2,1,1,1,1
20,female,-2,-2,-2,-2,-2,2,2,2,2
21,female,-2,-2,-2,-2,-2,2,2,2,2
22,female,-2,-2,-2,-1,-2,1,2,1,2
23,female,-2,-2,-2,-1,-2,1,1,1,2
24,female,-1,-1,-2,-1,-2,1,2,1,1
25,female,-1,-1,-2,-1,-1,1,2,2,1
26,female,-2,-2,-2,-2,-2,1,2,2,2
27,male,2,2,2,2,2,-2,-2,-2,-2
28,male,1,1,1,1,1,-1,-1,-1,-1
29,male,1,1,1,2,2,-1,-1,-1,-2
30,male,1,1,1,2,2,-1,-1,-1,-2
31,male,2,2,2,2,2,-2,-1,-1,-2
32,male,2,1,2,2,2,-2,-1,-1,-2
33,male,2,1,2,2,2,-2,-1,-1,-2
34,male,2,2,2,2,2,-2,-2,-2,-2
35,male,2,2,2,2,2,-1,-1,-1,-1
36,male,2,2,2,2,2,-2,-2,-2,-2
37,male,2,2,2,2,2,-2,-2,-2,-2
38,male,1,1,1,1,1,-1,-1,-1,-1
39,male,1,1,1,2,2,-1,-1,-1,-2
40,male,1,2,2,2,1,-1,-2,-2,-2
41,male,2,1,1,1,2,-2,-1,-2,-2
42,male,2,1,1,2,2,-2,-1,-1,-2
43,male,2,1,1,2,1,-2,-2,-1,-2
44,male,1,1,1,2,2,-1,-1,-1,-2
45,male,2,2,2,2,2,-1,-2,-1,-1
46,male,2,2,2,1,1,-1,-1,-2,-2
47,male,2,1,2,1,1,-2,-2,-2,-2
48,female,-2,-2,-2,-2,-2,2,2,,
49,,2,2,2,2,2,-2,-2,-2,-2
50,other,0,,0,0,0,1,1,0,2